Column1,Column2,Column3
0.0005526095683078081,0.0011491076360420956,0.0019348583856320482
0.001264251506666544,0.00010297552450960919,0.002740453409619837
0.002715206270870607,0.00041348980333849686,0.000931492790661319
0.5449753832366787,0.015898858882104325,0.028524915486095332
0.009860654019982424,0.0053520703853120665,0.002599475149305293
0.4370134043997662,0.33099914898833016,0.32603512592477535
0.002070035327925966,0.6143073323508268,0.0444180867723715
0.001548455669801625,0.03177701642953657,0.5928155920815393
0.05288628655336622,0.043577805271122476,0.06733526630698065
0.25435039054160297,0.03906232411490398,0.05926604704163006
0.10122106011343647,0.030581852462710505,0.059299773473244256
0.12810951259497483,0.11918863031753575,0.14752077927804183
0.17457273019389796,0.02938285034313152,0.12720222996355732
0.17548722118502924,0.1815909892428763,0.16012155349844392
0.06863314654553483,0.3704772685757003,0.32891813472597836
0.04473965227215737,0.18613827967201915,0.05033621571212362
0.12642031206247192,0.10311223122979152,0.13153068144126717
0.20715018650130493,0.09362576958041219,0.16069756254682213
0.08786940520377484,0.08839130285655841,0.1396142603768693
0.11240258116282305,0.10087439958212352,0.1108210226221942
0.16112291994232567,0.1597692973382944,0.11090623722339402
0.12248982797187864,0.13400070664168345,0.13622534756366675
0.08416455838940971,0.17239869268182736,0.11522962509353833
0.09838020876601115,0.14782760008930917,0.094975263132248
0.07711148195760391,0.16046184493477814,0.13865279700001365
0.11479152320310157,0.06701387702271533,0.1658027302863617
0.1489084619992849,0.06706563691526081,0.09402999568306299
0.14352548232917464,0.0762662623169304,0.12954199907510908
0.14637927496911687,0.14180592158229904,0.14222581378310567
0.12083247603302516,0.1517754386666108,0.14257307960446497
0.1173469909986609,0.18420147825138014,0.0988375735236234
0.13110430851003207,0.1514095403100254,0.08833601104425845
0.11700045472565741,0.07197239725994993,0.1475929231393905
0.12023185358781818,0.10437846693581003,0.0998557566148361
0.11966839887608763,0.11356414510336757,0.11249704863802648
0.09595776669466574,0.14315616128955486,0.1307728141499335
0.12264259940090393,0.11283614369598892,0.12482653070860122
0.14706989065547932,0.17418583104586446,0.10508797708355232
0.13199311543330156,0.16461250124473084,0.15999987775766814
0.14543592062608612,0.11529435342473354,0.11936707190799178
0.24657933957443412,0.09497075072087859,0.07874563073036335
0.14090596450760196,0.21554397534710062,0.18552861353080408
0.09258595394383608,0.0762911096241336,0.12805367123752243
0.15144929639194266,0.20132441670894047,0.07728901471111786
0.06373889384283245,0.07533068965361783,0.18652445599887643
0.09157755685601832,0.10326339591309232,0.09085476401357342
0.08373603035519116,0.12986053693305535,0.12893007084268882
0.12942696452814337,0.10341512509918119,0.12407377893505366
